camera_matrix:
- [16305.907305515177, 0.0, 2748.0]
- [0.0, 16272.529259757799, 1835.0]
- [0.0, 0.0, 1.0]
dist_coeff:
- [-0.4044707972011369, 35.90402060224177, 0.004174662865029367, -0.0029229067605455222,
  -1014.8429886708617]
new_camera_matrix:
- [15705.01171875, 0.0, 2741.1536528004217]
- [0.0, 15671.6083984375, 1841.0356713819856]
- [0.0, 0.0, 1.0]
