camera_matrix:
- [16508.18406147267, 0.0, 1876.5]
- [0.0, 16514.55022199341, 2817.0]
- [0.0, 0.0, 1.0]
dist_coeff:
- [-0.24288170385108543, -0.37826562991098034, 0.0010748227326360287, -0.009099089912577076,
  28.132715623302353]
new_camera_matrix:
- [16354.6455078125, 0.0, 1866.0486311342975]
- [0.0, 16332.689453125, 2818.8391987410723]
- [0.0, 0.0, 1.0]
