camera_matrix:
- [10009.959759996123, 0.0, 2748.0]
- [0.0, 10004.2592122969, 1835.0]
- [0.0, 0.0, 1.0]
dist_coeff:
- [0.0008268260142577676, 2.010551322961104, 0.0049652022630975986, -0.0009433741081907806,
  -19.638323816681815]
new_camera_matrix:
- [9974.4013671875, 0.0, 2745.3881605042843]
- [0.0, 9982.724609375, 1844.1113282137667]
- [0.0, 0.0, 1.0]
